
10506702
1871271
3328676
10885977
11778543
3624141
3451232
6634306
10721724
10545052
12814563
5306246
8216849
13988505
3187232
7511621
13510029
10834317
1117324
3476837
9323165
7955065
14121714
8893939
7498038
12634185
14387319
8539489
10851582
14141559
12169269
7278049
7711855
13262835
8567572
11482038
6820591
682001
11893371
7831897
11169294
13371843
1547915
9534308
10030754
7670524
3107270
11319495
10016510
12783453
4679699
8584093
7509847
9262796
6474739
13223532
10506702
1871271
3328676
10885977
11778543
3624141
3451232
6634306
10721724
10545052
12814563
5306246
8216849
13988505
3187232
7511621
13510029
10834317
1117324
3476837
9323165
7955065
14121714
8893939
7498038
12634185
14387319
8539489
10851582
14141559
12169269
7711855
7278049
13262835
6820591
11482038
8567572
682001
11893371
7831897
11169294
13371843
1547915
9534308
10030754
7670524
3107270
11319495
10016510
12783453
4679699
8584093
7509847
9262796
6474739
13223532
11319495
13223532
8539489
12169269
11319495
13223532
8539489
12169269
11319495
13223532
8539489
12169269
11319495
13223532
8539489
12169269
